Time	Lead II
0	0
0.01	0
0.02	0
0.03	0
0.04	0
0.05	0
0.06	0
0.07	0
0.08	0
0.09	0
0.1	0
0.11	0
0.12	0
0.13	0
0.14	0
0.15	0
0.16	0
0.17	0
0.18	0
0.19	0
0.2	0
0.21	0
0.22	0
0.23	0
0.24	0
0.25	0
0.26	0
0.27	0
0.28	0
0.29	0
0.3	0
0.31	0
0.32	0
0.33	0
0.34	0
0.35	0
0.36	0
0.37	0
0.38	0
0.39	0
0.4	0
0.41	0
0.42	0
0.43	0
0.44	0
0.45	0
0.46	0
0.47	0
0.48	0
0.49	0
0.5	0
0.51	0
0.52	0
0.53	0
0.54	0
0.55	0
0.56	0
0.57	0
0.58	0
0.59	0
0.6	0
0.61	0
0.62	0
0.63	0
0.64	0
0.65	0
0.66	0
0.67	0
0.68	0
0.69	0
0.7	0
0.71	0
0.72	0
0.73	0
0.74	0
0.75	0
0.76	0
0.77	0
0.78	0
0.79	0
0.8	0
0.81	0
0.82	0
0.83	0
0.84	0
0.85	0
0.86	0
0.87	0
0.88	0
0.89	0
0.9	0
0.91	0
0.92	0
0.93	0
0.94	0
0.95	0
0.96	0
0.97	0
0.98	0
0.99	0
1	0
1.01	0
1.02	0
1.03	0
1.04	0
1.05	0
1.06	0
1.07	0
1.08	0
1.09	0
1.1	0
1.11	0
1.12	0
1.13	0
1.14	0
1.15	0
1.16	0
1.17	0
1.18	0
1.19	0
1.2	0
1.21	0
1.22	0
1.23	0
1.24	0
1.25	0
1.26	0
1.27	0
1.28	0
1.29	0
1.3	0
1.31	0
1.32	0
1.33	0
1.34	0
1.35	0
1.36	0
1.37	0
1.38	0
1.39	0
1.4	0
1.41	0
1.42	0
1.43	0
1.44	0
1.45	0
1.46	0
1.47	0
1.48	0
1.49	0
1.5	0
1.51	0
1.52	0
1.53	0
1.54	0
1.55	0
1.56	0
1.57	0
1.58	0
1.59	0
1.6	0
1.61	0
1.62	0
1.63	0
1.64	0
1.65	0
1.66	0
1.67	0
1.68	0
1.69	0
1.7	0
1.71	0
1.72	0
1.73	0
1.74	0
1.75	0
1.76	0
1.77	0
1.78	0
1.79	0
1.8	0
1.81	0
1.82	0
1.83	0
1.84	0
1.85	0
1.86	0
1.87	0
1.88	0
1.89	0
1.9	0
1.91	0
1.92	0
1.93	0
1.94	0
1.95	0
1.96	0
1.97	0
1.98	0
1.99	0
2	-0.0212182
2.01	-0.147768
2.02	-0.0548935
2.03	-0.0342127
2.04	0.00063034
2.05	0.0317718
2.06	0.00615195
2.07	0.0681622
2.08	0.06222
2.09	0.0986014
2.1	0.141862
2.11	0.116875
2.12	0.168199
2.13	0.145226
2.14	0.151173
2.15	0.149696
2.16	0.0859773
2.17	0.0992653
2.18	0.0318754
2.19	0.00584409
2.2	0.00135559
2.21	-0.0495403
2.22	-0.0183726
2.23	-0.0624952
2.24	-0.0627024
2.25	-0.0438558
2.26	-0.0817038
2.27	-0.0375985
2.28	-0.0640566
2.29	-0.0523181
2.3	-0.0320686
2.31	-0.0638141
2.32	-0.0163462
2.33	-0.0442301
2.34	-0.0334002
2.35	-0.0110987
2.36	-0.0472402
2.37	-0.00664735
2.38	-0.0456768
2.39	-0.0439315
2.4	-0.0268401
2.41	-0.0672861
2.42	-0.0271177
2.43	-0.0602794
2.44	-0.0567321
2.45	-0.040017
2.46	-0.0811251
2.47	-0.0369694
2.48	-0.0653318
2.49	-0.0621239
2.5	-0.0428939
2.51	-0.079943
2.52	-0.0332581
2.53	-0.0638758
2.54	-0.0587029
2.55	-0.0378383
2.56	-0.0731597
2.57	-0.0207515
2.58	-0.0357674
2.59	-0.0140722
2.6	0.0320132
2.61	0.0269722
2.62	0.084132
2.63	0.0479756
2.64	0.0340532
2.65	0.021071
2.66	-0.0601492
2.67	-0.0520163
2.68	-0.100366
2.69	-0.106426
2.7	-0.094557
2.71	-0.136598
2.72	-0.0114217
2.73	0.224194
2.74	0.551239
2.75	0.590734
2.76	0.268295
2.77	0.0472066
2.78	-0.0906505
2.79	-0.0939232
2.8	-0.0513315
2.81	-0.0751587
2.82	-0.0266874
2.83	-0.040659
2.84	0.0148355
2.85	0.0052841
2.86	-0.0436861
2.87	-0.00448322
2.88	-0.0417218
2.89	-0.0198237
2.9	-0.00190929
2.91	-0.0240209
2.92	0.0240761
2.93	0.000711501
2.94	0.0391177
2.95	0.0644865
2.96	0.0536313
2.97	0.124899
2.98	0.117495
2.99	0.156745
3	0.175105
3.01	0.151072
3.02	0.194525
3.03	0.146071
3.04	0.136223
3.05	0.112181
3.06	0.0418079
3.07	0.0434147
3.08	-0.0213907
3.09	-0.0163622
3.1	-0.0169885
3.11	-0.0566545
3.12	-0.0228374
3.13	-0.0673149
3.14	-0.0556013
3.15	-0.045898
3.16	-0.073103
3.17	-0.0236606
3.18	-0.0533933
3.19	-0.0328082
3.2	-0.0217606
3.21	-0.05126
3.22	-0.00650653
3.23	-0.0448387
3.24	-0.0262946
3.25	-0.0134074
3.26	-0.0482645
3.27	-0.0146253
3.28	-0.059445
3.29	-0.0452578
3.3	-0.0333455
3.31	-0.068218
3.32	-0.0316295
3.33	-0.0715096
3.34	-0.0575706
3.35	-0.0481137
3.36	-0.0797507
3.37	-0.0362958
3.38	-0.0737739
3.39	-0.0589571
3.4	-0.0474541
3.41	-0.0842195
3.42	-0.0450669
3.43	-0.0794318
3.44	-0.0611838
3.45	-0.0508732
3.46	-0.0812027
3.47	-0.0381516
3.48	-0.0788541
3.49	-0.0627442
3.5	-0.0380124
3.51	-0.0505541
3.52	0.0218537
3.53	0.0227017
3.54	0.0540091
3.55	0.0609601
3.56	0.00975806
3.57	0.0201638
3.58	-0.0559452
3.59	-0.0701734
3.6	-0.078413
3.61	-0.123178
3.62	-0.0859143
3.63	-0.129953
3.64	-0.0643503
3.65	0.176517
3.66	0.487526
3.67	0.622434
3.68	0.329683
3.69	0.0529432
3.7	-0.0682603
3.71	-0.115486
3.72	-0.0478188
3.73	-0.0699313
3.74	-0.0519531
3.75	-0.0348714
3.76	-0.065385
3.77	-0.0187137
3.78	-0.0534914
3.79	-0.039833
3.8	-0.0236115
3.81	-0.0485458
3.82	0.00759875
3.83	-0.0168273
3.84	0.00354443
3.85	0.0288734
3.86	0.00967626
3.87	0.0701342
3.88	0.0604676
3.89	0.101116
3.9	0.136197
3.91	0.117869
3.92	0.178718
3.93	0.156483
3.94	0.171094
3.95	0.175448
3.96	0.115583
3.97	0.121938
3.98	0.043011
3.99	0.0142045
4	-0.00089024
4.01	-0.0538667
4.02	-0.0193147
4.03	-0.0573659
4.04	-0.053064
4.05	-0.0412763
4.06	-0.0762401
4.07	-0.0358594
4.08	-0.0697023
4.09	-0.0574215
4.1	-0.0347165
4.11	-0.0632807
4.12	-0.0185753
4.13	-0.050475
4.14	-0.0359904
4.15	-0.0149902
4.16	-0.0486987
4.17	-0.00385253
4.18	-0.0402443
4.19	-0.0395366
4.2	-0.0294243
4.21	-0.0711185
4.22	-0.034174
4.23	-0.0669986
4.24	-0.0549193
4.25	-0.0408215
4.26	-0.0837326
4.27	-0.0465423
4.28	-0.0780102
4.29	-0.0649884
4.3	-0.0483072
4.31	-0.0885348
4.32	-0.0514423
4.33	-0.0856091
4.34	-0.0730415
4.35	-0.0528366
4.36	-0.0897365
4.37	-0.0505908
4.38	-0.0825002
4.39	-0.0710878
4.4	-0.0540869
4.41	-0.0906145
4.42	-0.0472197
4.43	-0.0807072
4.44	-0.0716591
4.45	-0.0511052
4.46	-0.0800317
4.47	-0.0227834
4.48	-0.0388063
4.49	-0.0079595
4.5	0.0425369
4.51	0.0237322
4.52	0.0625156
4.53	0.0137812
4.54	-0.0128845
4.55	-0.0374489
4.56	-0.104768
4.57	-0.0768222
4.58	-0.113238
4.59	-0.110418
4.6	-0.102808
4.61	-0.0938107
4.62	0.170773
4.63	0.491764
4.64	0.611947
4.65	0.380275
4.66	0.0444708
4.67	-0.0557842
4.68	-0.103783
4.69	-0.0796579
4.7	-0.0475939
4.71	-0.0758525
4.72	-0.0287549
4.73	-0.0559574
4.74	-0.0484373
4.75	-0.026016
4.76	-0.0595751
4.77	-0.0143625
4.78	-0.0356558
4.79	-0.0201689
4.8	0.0112607
4.81	-0.0204803
4.82	0.028092
4.83	0.0146525
4.84	0.0419649
4.85	0.0881983
4.86	0.0780023
4.87	0.152725
4.88	0.150588
4.89	0.17222
4.9	0.203335
4.91	0.166927
4.92	0.198176
4.93	0.146648
4.94	0.118458
4.95	0.0970936
4.96	0.0225488
4.97	0.0342564
4.98	-0.0196361
4.99	-0.0310329
5	-0.019158
5.01	-0.0624707
5.02	-0.0247678
5.03	-0.0565474
5.04	-0.0520629
5.05	-0.0288993
5.06	-0.0651536
5.07	-0.0179837
5.08	-0.0399839
5.09	-0.0330925
5.1	-0.00737362
5.11	-0.0417926
5.12	-0.0024627
5.13	-0.0318055
5.14	-0.0252742
5.15	-0.00506994
5.16	-0.0457706
5.17	-0.00392216
5.18	-0.0344804
5.19	-0.0354478
5.2	-0.0119999
5.21	-0.058172
5.22	-0.0238301
5.23	-0.0532956
5.24	-0.0541314
5.25	-0.0342932
5.26	-0.0722316
5.27	-0.0278057
5.28	-0.0557454
5.29	-0.0552262
5.3	-0.0329142
5.31	-0.0738433
5.32	-0.0365663
5.33	-0.0727437
5.34	-0.0150807
5.35	-0.0101394
5.36	-0.0615076
5.37	-0.0312479
5.38	-0.0713757
5.39	-0.0502531
5.4	-0.0404106
5.41	-0.0743187
5.42	-0.0307646
5.43	-0.0656759
5.44	-0.0375236
5.45	-0.00972581
5.46	-0.0164839
5.47	0.0564231
5.48	0.0391186
5.49	0.0572048
5.5	0.0532593
5.51	-0.0083954
5.52	-0.00843376
5.53	-0.0819857
5.54	-0.0862332
5.55	-0.0858796
5.56	-0.1267
5.57	-0.0979881
5.58	-0.106847
5.59	0.0947336
5.6	0.465822
5.61	0.640519
5.62	0.490688
5.63	0.124381
5.64	-0.0492962
5.65	-0.0808305
5.66	-0.100024
5.67	-0.040409
5.68	-0.0695336
5.69	-0.0531229
5.7	-0.0402336
5.71	-0.071414
5.72	-0.0243326
5.73	-0.0557948
5.74	-0.0377052
5.75	-0.021115
5.76	-0.0466366
5.77	0.00447384
5.78	-0.0195024
5.79	0.00754831
5.8	0.0327913
5.81	0.0158733
5.82	0.0846493
5.83	0.0810547
5.84	0.128065
5.85	0.166079
5.86	0.150081
5.87	0.207706
5.88	0.181347
5.89	0.188269
5.9	0.175963
5.91	0.106945
5.92	0.110131
5.93	0.0324942
5.94	0.0140306
5.95	0.00411554
5.96	-0.0483541
5.97	-0.0195099
5.98	-0.0602147
5.99	-0.0487051
6	-0.0384095
6.01	-0.0733673
6.02	-0.0297733
6.03	-0.0621834
6.04	-0.0450935
6.05	-0.0264687
6.06	-0.0569343
6.07	-0.00854791
6.08	-0.0389152
6.09	-0.0243713
6.1	-0.0128261
6.11	-0.0489721
6.12	-0.00849944
6.13	-0.0448435
6.14	-0.0341406
6.15	-0.0218141
6.16	-0.0595168
6.17	-0.0165645
6.18	-0.0525889
6.19	-0.0481211
6.2	-0.0381325
6.21	-0.0738852
6.22	-0.0309561
6.23	-0.0629547
6.24	-0.0512919
6.25	-0.038365
6.26	-0.0759969
6.27	-0.032961
6.28	-0.0664676
6.29	-0.0536148
6.3	-0.0398645
6.31	-0.0776333
6.32	-0.0308087
6.33	-0.0631435
6.34	-0.0549592
6.35	-0.0412224
6.36	-0.076949
6.37	-0.0358198
6.38	-0.0699951
6.39	-0.058508
6.4	-0.0412387
6.41	-0.0757617
6.42	-0.0256754
6.43	-0.0442511
6.44	-0.0170308
6.45	0.0276962
6.46	0.0229618
6.47	0.0818386
6.48	0.04225
6.49	0.0283616
6.5	0.00682046
6.51	-0.0682041
6.52	-0.0542267
6.53	-0.101137
6.54	-0.0955266
6.55	-0.0875594
6.56	-0.130967
6.57	-0.00215725
6.58	0.238948
6.59	0.573556
6.6	0.595129
6.61	0.261855
6.62	0.0369837
6.63	-0.100307
6.64	-0.0918367
6.65	-0.050821
6.66	-0.0771106
6.67	-0.0337024
6.68	-0.0631026
6.69	-0.0479836
6.7	-0.0235999
6.71	-0.0624642
6.72	-0.022571
6.73	-0.04765
6.74	-0.0334825
6.75	-0.00762877
6.76	-0.0311071
6.77	0.0240085
6.78	0.00302922
6.79	0.0251662
6.8	0.0661147
6.81	0.0561058
6.82	0.128429
6.83	0.125667
6.84	0.156252
6.85	0.189659
6.86	0.162715
6.87	0.205805
6.88	0.16076
6.89	0.141095
6.9	0.12198
6.91	0.0411663
6.92	0.0441765
6.93	-0.0149822
6.94	-0.0279292
6.95	-0.0214596
6.96	-0.0654281
6.97	-0.028692
6.98	-0.0643427
6.99	-0.0614703
7	-0.0397122
7.01	-0.074414
7.02	-0.0262775
7.03	-0.0530462
7.04	-0.0432665
7.05	-0.0170483
7.06	-0.0508396
7.07	-0.0072085
7.08	-0.0340068
7.09	-0.024436
7.1	-0.00657447
7.11	-0.0502657
7.12	-0.00981559
7.13	-0.0407681
7.14	-0.0407825
7.15	-0.0257307
7.16	-0.0705726
7.17	-0.032033
7.18	-0.0642674
7.19	-0.0583076
7.2	-0.0379223
7.21	-0.0787807
7.22	-0.0381767
7.23	-0.0699014
7.24	-0.0691852
7.25	-0.047713
7.26	-0.0832346
7.27	-0.0405508
7.28	-0.0702821
7.29	-0.0690634
7.3	-0.0560196
7.31	-0.0985816
7.32	-0.0514997
7.33	-0.0762534
7.34	-0.0731129
7.35	-0.0537217
7.36	-0.0893765
7.37	-0.0397992
7.38	-0.052698
7.39	-0.0334786
7.4	0.00935335
7.41	0.00156754
7.42	0.0617563
7.43	0.0345477
7.44	0.0271301
7.45	0.0144081
7.46	-0.0699674
7.47	-0.0631252
7.48	-0.110968
7.49	-0.118294
7.5	-0.102871
7.51	-0.150886
7.52	-0.0571815
7.53	0.139948
7.54	0.480507
7.55	0.592636
7.56	0.304422
7.57	0.0632361
7.58	-0.0962061
7.59	-0.110576
7.6	-0.0677693
7.61	-0.0886683
7.62	-0.0395558
7.63	-0.0636735
7.64	-0.0591603
7.65	-0.0295226
7.66	-0.0651637
7.67	-0.01823
7.68	-0.0349334
7.69	-0.0273547
7.7	-0.00241216
7.71	-0.0404821
7.72	0.0102727
7.73	0.00312777
7.74	0.020477
7.75	0.0657177
7.76	0.0539516
7.77	0.123962
7.78	0.124214
7.79	0.146199
7.8	0.183862
7.81	0.154148
7.82	0.200882
7.83	0.168055
7.84	0.1407
7.85	0.126809
7.86	0.0511351
7.87	0.106343
7.88	0.02977
7.89	-0.00236028
7.9	-0.018064
7.91	-0.0592788
7.92	-0.0210218
7.93	-0.0630832
7.94	-0.0514429
7.95	-0.0419237
7.96	-0.0721309
7.97	-0.0264507
7.98	-0.0586169
7.99	-0.0360476
8	-0.01155
8.01	-0.0365446
8.02	0.00375075
8.03	-0.0373884
8.04	-0.0266444
8.05	-0.0187684
8.06	-0.0557682
8.07	-0.015851
8.08	-0.0542129
8.09	-0.0423889
8.1	-0.029241
8.11	-0.0632012
8.12	-0.0242079
8.13	-0.061718
8.14	-0.0476453
8.15	-0.037462
8.16	-0.0736271
8.17	-0.0287413
8.18	-0.0633465
8.19	-0.0570006
8.2	-0.0448003
8.21	-0.0728752
8.22	-0.0283113
8.23	-0.0639518
8.24	-0.0552255
8.25	-0.0439033
8.26	-0.0756741
8.27	-0.0287582
8.28	-0.0645825
8.29	-0.0547706
8.3	-0.0429786
8.31	-0.078707
8.32	-0.0332195
8.33	-0.0617425
8.34	-0.0460081
8.35	-0.0354264
8.36	-0.0688938
8.37	-0.018573
8.38	-0.0423027
8.39	-0.0146365
8.4	0.0330795
8.41	0.0306308
8.42	0.0806549
8.43	0.0377935
8.44	0.0285206
8.45	0.00290305
8.46	-0.0741256
8.47	-0.0597649
8.48	-0.105061
8.49	-0.0968883
8.5	-0.0921073
8.51	-0.123733
8.52	0.0410878
8.53	0.311974
8.54	0.602607
8.55	0.535529
8.56	0.187181
8.57	0.000749611
8.58	-0.102686
8.59	-0.0795081
8.6	-0.0451875
8.61	-0.0749124
8.62	-0.0280591
8.63	-0.054845
8.64	-0.03823
8.65	-0.0174825
8.66	-0.0502393
8.67	-0.00595897
8.68	-0.0366598
8.69	-0.0207361
8.7	0.00297924
8.71	-0.0212159
8.72	0.035239
8.73	0.015721
8.74	0.0399106
8.75	0.078137
8.76	0.0664194
8.77	0.136175
8.78	0.129854
8.79	0.162034
8.8	0.197772
8.81	0.167705
8.82	0.206317
8.83	0.162485
8.84	0.143763
8.85	0.121949
8.86	0.0442733
8.87	0.0494844
8.88	-0.015428
8.89	-0.0333888
8.9	-0.0323799
8.91	-0.0745411
8.92	-0.0341807
8.93	-0.0669656
8.94	-0.0557556
8.95	-0.0340308
8.96	-0.0705604
8.97	-0.0273961
8.98	-0.0549759
8.99	-0.0397073
9	-0.0168614
9.01	-0.0515997
9.02	-0.00743409
9.03	-0.0382169
9.04	-0.0328856
9.05	-0.0159548
9.06	-0.0538895
9.07	-0.0112797
9.08	-0.0459632
9.09	-0.047021
9.1	-0.0331813
9.11	-0.0691787
9.12	-0.0242654
9.13	-0.0579954
9.14	-0.0523306
9.15	-0.0324633
9.16	-0.0723308
9.17	-0.0345365
9.18	-0.0676567
9.19	-0.0577295
9.2	-0.0352483
9.21	-0.0749079
9.22	-0.0352259
9.23	-0.069193
9.24	-0.0671317
9.25	-0.0468737
9.26	-0.0850487
9.27	-0.0423716
9.28	-0.0729554
9.29	-0.0685489
9.3	-0.046
9.31	-0.0867857
9.32	-0.0438186
9.33	-0.0755649
9.34	-0.0704243
9.35	-0.0453476
9.36	-0.0824074
9.37	-0.0408992
9.38	-0.0731651
9.39	-0.0707777
9.4	-0.0495465
9.41	-0.0784947
9.42	-0.0167369
9.43	-0.0233398
9.44	0.0151984
9.45	0.0618153
9.46	0.02747
9.47	0.0565088
9.48	-0.0012003
9.49	-0.0348891
9.5	-0.0484804
9.51	-0.112968
9.52	-0.086811
9.53	-0.119939
9.54	-0.12144
9.55	-0.0883182
9.56	0.0175634
9.57	0.392256
9.58	0.624528
9.59	0.502745
9.6	0.198229
9.61	-0.0576651
9.62	-0.0738099
9.63	-0.0867489
9.64	-0.0638623
9.65	-0.035955
9.66	-0.0702144
9.67	-0.0232896
9.68	-0.0467202
9.69	-0.0419363
9.7	-0.0148535
9.71	-0.0489928
9.72	-0.00195502
9.73	-0.0202001
9.74	-0.00859692
9.75	0.0209494
9.76	-0.00780777
9.77	0.0517259
9.78	0.0391417
9.79	0.0613673
9.8	0.112485
9.81	0.101575
9.82	0.170881
9.83	0.163405
9.84	0.178647
9.85	0.210642
9.86	0.172798
9.87	0.198762
9.88	0.143183
9.89	0.107689
9.9	0.0878795
9.91	0.00458079
9.92	0.0136064
9.93	-0.0320549
9.94	-0.0419866
9.95	-0.0261188
9.96	-0.0719712
9.97	-0.03284
9.98	-0.0617732
9.99	-0.0593609
10	-0.0294816
10.01	-0.0661941
10.02	-0.0227364
10.03	-0.0461169
10.04	-0.0415506
10.05	-0.0103548
10.06	-0.0437727
10.07	-0.00088799
10.08	-0.0317024
10.09	-0.0324441
10.1	-0.00881755
10.11	-0.053397
10.12	-0.0176783
10.13	-0.047133
10.14	-0.0482069
10.15	-0.0296895
10.16	-0.0771005
10.17	-0.0348105
10.18	-0.0570357
10.19	-0.0558462
10.2	-0.0338086
10.21	-0.0776969
10.22	-0.0353122
10.23	-0.0568042
10.24	-0.0583132
10.25	-0.0364885
10.26	-0.0782681
10.27	-0.0387653
10.28	-0.0602823
10.29	-0.0597315
10.3	-0.034634
10.31	-0.0743313
10.32	-0.0375772
10.33	-0.0642765
10.34	-0.0651718
10.35	-0.0390097
10.36	-0.0804694
10.37	-0.0428962
10.38	-0.0714114
10.39	-0.0772095
10.4	-0.0495768
10.41	-0.0892331
10.42	-0.0460495
10.43	-0.0668409
10.44	-0.0680278
10.45	-0.0377063
10.46	-0.0702985
10.47	-0.0196759
10.48	-0.0184837
10.49	0.0112141
10.5	0.060218
10.51	0.0189708
10.52	0.0382847
10.53	-0.0230594
10.54	-0.0627806
10.55	-0.0640022
10.56	-0.124437
10.57	-0.0914085
10.58	-0.103889
10.59	-0.0646668
10.6	-0.0293307
10.61	0.119305
10.62	0.493239
10.63	0.583895
10.64	0.36298
10.65	0.0784386
10.66	-0.106911
10.67	-0.0858236
10.68	-0.102543
10.69	-0.0738457
10.7	-0.0447188
10.71	-0.0739477
10.72	-0.0313109
10.73	-0.063189
10.74	-0.0469672
10.75	-0.0260555
10.76	-0.0581069
10.77	-0.0133562
10.78	-0.0362414
10.79	-0.0116651
10.8	0.0124404
